CONNECTA IOT-1
1 60472U 24149E   26102.14298895  .00003056  00000+0  13281-3 0  9997
2 60472  97.3774 179.5698 0003247 126.3610 233.7927 15.23038337 91747

CONNECTA IOT-3
1 60475U 24149H   26102.16481539  .00003583  00000+0  15510-3 0  9993
2 60475  97.3753 179.3645 0004424 123.2694 236.8967 15.23046763 91754

CONNECTA IOT-2
1 60522U 24149BG  26102.17904375  .00003410  00000+0  14618-3 0  9992
2 60522  97.3851 181.3503 0006450 182.4088 177.7119 15.23409966 91847

CONNECTA IOT-4
1 60524U 24149BJ  26101.96984189  .00014648  00000+0  37065-3 0  9997
2 60524  97.3800 185.6804 0006189 159.9461 200.2030 15.39845421 92131

CONNECTA IOT-5
1 62703U 25009CY  26102.19086823  .00000568  00000+0  57717-4 0  9991
2 62703  97.7034 182.0343 0000802 293.7863  66.3273 14.94596389 67513

CONNECTA IOT-6
1 62709U 25009DE  26101.96200244  .00001176  00000+0  11540-3 0  9995
2 62709  97.7039 181.5931 0001994  46.6810 313.4576 14.94076577 67470

CONNECTA IOT-7
1 62715U 25009DL  26102.13695468  .00000432  00000+0  45724-4 0  9994
2 62715  97.7092 182.1150 0002657  75.3254 284.8260 14.94053255 67484

CONNECTA IOT-8
1 62695U 25009CQ  26101.96137595  .00001033  00000+0  10455-3 0  9993
2 62695  97.7090 181.1352 0002219 189.3557 170.7622 14.93078371 67411

CONNECTA IOT-9
1 64534U 25135G   26101.76391048  .00002896  00000+0  13757-3 0  9996
2 64534  97.4669 217.2774 0006457  54.0931 306.0903 15.20019147 44738

CONNECTA IOT-10
1 64555U 25135AD  26102.27255797  .00002398  00000+0  11303-3 0  9998
2 64555  97.4593 217.9742 0001782 132.0307 228.1080 15.20461055 44840

CONNECTA IOT-11
1 64557U 25135AF  26102.29282258 -.00003626  00000+0 -16097-3 0  9996
2 64557  97.4620 218.2296 0000565 127.5494 232.5793 15.20934126 44850

CONNECTA IOT-12
1 64553U 25135AB  26102.27697509  .00002937  00000+0  13565-3 0  9998
2 64553  97.4651 218.3563 0000505 104.2727 255.8565 15.20990500 44856

CONNECTA IOT-13
1 67400U 26004AP  26101.87119185  .00002589  00000+0  13358-3 0  9995
2 67400  97.4573 101.8765 0008103 207.0255 153.0558 15.17199695 13694

CONNECTA IOT-14
1 67401U 26004AQ  26102.30198966  .00002107  00000+0  10645-3 0  9991
2 67401  97.4519 102.3038 0009041 199.7310 160.3575 15.18146514 13766

CONNECTA IOT-15
1 67402U 26004AR  26102.26147497  .00002490  00000+0  12962-3 0  9999
2 67402  97.4604 102.1277 0003295 163.9281 196.2058 15.16932742 13735

CONNECTA IOT-16
1 67390U 26004AD  26101.98254170  .00002315  00000+0  12007-3 0  9996
2 67390  97.4597 101.9103 0003143 177.5344 182.5906 15.17142609 13703
